AF3,F7,F3,FC5,T7,P7,O1,O2,P8,T8,FC6,F4,F8,AF4,label
432.9397888183594,953.2932739257812,235.1127166748047,978.3470458984375,276.4268493652344,181.3780975341797,239.50497436523438,304.4474182128906,238.90646362304688,298.86669921875,2355.645751953125,330.69671630859375,443.26806640625,770.2803955078125,SB3
3889.51611328125,3559.77294921875,1587.6141357421875,3468.56494140625,2197.734619140625,955.061767578125,2809.85009765625,2505.78271484375,2321.519287109375,3475.585205078125,3164.813232421875,1906.30517578125,3335.90283203125,3836.619140625,SM1
5763.45703125,515.3233642578125,1110.4798583984375,223.17437744140625,201.34185791015625,85.2528076171875,102.80496978759766,151.29067993164062,623.7758178710938,230.82484436035156,442790.25,301.0981750488281,522.288818359375,9224.576171875,SV1
802.211669921875,2333.62744140625,323.4579162597656,22189.056640625,3665.725830078125,466.0912780761719,528.9837036132812,972.6612548828125,97.45873260498047,440.3767395019531,850.3303833007812,601.3468627929688,491.63525390625,543.6594848632812,SB1
352.24383544921875,309.7479248046875,1087.69775390625,275.5954895019531,252.19769287109375,232.67735290527344,162.21475219726562,198.5610809326172,352.28485107421875,331.73480224609375,396.99981689453125,263.3660888671875,1368.847900390625,516.4843139648438,SB3
1822.3060302734375,625.528564453125,415.32525634765625,173.85804748535156,190.74392700195312,40.02425003051758,117.15547180175781,12444.2861328125,80816.0234375,319.01068115234375,1773.7376708984375,315.48095703125,575.8834838867188,1123.3316650390625,SB2
1029.2303466796875,2926.930419921875,1573.443359375,25400.779296875,5309.69140625,576.8767700195312,742.835205078125,2560.539306640625,84.476318359375,634.5462036132812,2091.781982421875,1584.661865234375,745.22265625,741.5844116210938,SV1
4706.17333984375,2058.19287109375,50502.82421875,36626.6796875,1649.312255859375,1181.18408203125,1393.2906494140625,1595.29150390625,936.1829223632812,2066.457275390625,1414.6014404296875,2219.641845703125,2481.21630859375,11202.93359375,SM1
3126.66943359375,299.9969177246094,187.90756225585938,78.11309814453125,420.2131652832031,46.98822784423828,83.93916320800781,110.44148254394531,84.00164794921875,824.010009765625,240.15882873535156,1088.0462646484375,51639.734375,465.0387878417969,SV1
1183.755859375,992.1098022460938,802.7990112304688,1087.14501953125,875.6939697265625,959.3948974609375,1054.2373046875,1068.8253173828125,1174.1614990234375,2319.947509765625,938.1195068359375,977.120361328125,1137.2203369140625,1242.1265869140625,SB3
430.0230712890625,390.2666320800781,159.23377990722656,361.2820739746094,72.04669189453125,48.0365104675293,219.93096923828125,180.55459594726562,45.269317626953125,173.18687438964844,562.573974609375,121.11884307861328,542.7938842773438,528.4484252929688,SM1
2023.722412109375,1483.3734130859375,158.27537536621094,837.0413818359375,615.1416015625,273.43756103515625,207.35926818847656,358.2445373535156,146.53652954101562,1119.21728515625,869.8341064453125,273.51226806640625,1913.8121337890625,2893.918701171875,SV1
7237.9794921875,3479.357177734375,616.4522705078125,1023.2547607421875,658.2018432617188,294.4462890625,711.2784423828125,766.187255859375,630.4519653320312,959.5526123046875,398.3364562988281,184.51853942871094,1373.9461669921875,1741.61474609375,SB2
869.1275024414062,481.9872741699219,388.0063171386719,2554.01318359375,219.26925659179688,150.45664978027344,189.20016479492188,648.4931640625,196.0785369873047,425.9295959472656,403.3766174316406,316.0724792480469,763.2908935546875,1198.3568115234375,SB1
21570.888671875,2920.547119140625,5210.552734375,2793.9091796875,2118.013427734375,21404.150390625,2865.433837890625,2909.16162109375,30398.1328125,7360.576171875,16118.494140625,141134.84375,11615.75390625,31320.767578125,SM1
10607.517578125,558.2981567382812,276.7102966308594,1260.9556884765625,141.66249084472656,121.42048645019531,164.34376525878906,377.5479736328125,121.51678466796875,287.384521484375,278.37451171875,248.42437744140625,449.65655517578125,1452.7344970703125,SB3
728.1206665039062,1391.9559326171875,87.50891876220703,1769.692626953125,160.7928009033203,767.7890014648438,58.36945343017578,166.17013549804688,753.5987548828125,260.704345703125,1765.00439453125,954.742431640625,624.40478515625,726.889404296875,SB1
384.4594421386719,255.7802276611328,182.8907928466797,233.42160034179688,101.87973022460938,99.90084075927734,105.4195556640625,145.3062286376953,72.8448715209961,139.93255615234375,6555.93359375,514.9315185546875,338.6603698730469,823.7186279296875,SB2
461.448486328125,954.9554443359375,243.61337280273438,1719.1185302734375,453.99359130859375,370.4361267089844,413.68255615234375,508.29388427734375,148.33221435546875,2077.022705078125,816.8009033203125,465.31591796875,835.2542724609375,1636.197021484375,SB3
342.014404296875,426.80712890625,95.85694885253906,115.28494262695312,144.28746032714844,50.32389450073242,93.63794708251953,64.021728515625,209.6699981689453,183.8247528076172,149.6905059814453,785.8873291015625,503.7832336425781,6715.60205078125,SM1
593.344970703125,357.62359619140625,262.4520263671875,213.3788604736328,124.05548095703125,72.41606140136719,1565.880859375,140.0706787109375,4683.26513671875,138.21627807617188,1090.24560546875,166.90631103515625,249.5231475830078,9647.2646484375,SB3
2836.54931640625,981.7015380859375,324.36346435546875,210.73731994628906,98.9098129272461,30.646116256713867,108.91311645507812,172.3418426513672,196.97677612304688,280.9703063964844,3887.44580078125,383.8533020019531,781.8861083984375,1612.208251953125,SV1
774.4328002929688,362.8263244628906,297.8521728515625,90436.3515625,385.63690185546875,178.9840545654297,121.45552062988281,186.06166076660156,365.403564453125,90489.1484375,239.4432830810547,236.84527587890625,203.2790985107422,843.1536254882812,SM1
7153.80908203125,7735.7734375,569.2417602539062,12661.7509765625,372.5814208984375,885.1541137695312,598.8840942382812,1179.2445068359375,586.7109375,1246.860595703125,1530.0565185546875,670.70068359375,3595.9814453125,1759.36376953125,SB3
334.5768737792969,1665.60595703125,501.29901123046875,1768.8143310546875,90.46943664550781,443.8024597167969,54.38478088378906,87.58126068115234,168.4337921142578,164.2252197265625,177.8524932861328,1410.3580322265625,464.1443786621094,488.4515075683594,SB2
975.9803466796875,1150.75830078125,126.97471618652344,647.4776000976562,447.2359313964844,87.1877212524414,94.77274322509766,280.27862548828125,131.3667449951172,356.3743591308594,919.8553466796875,216.5405731201172,1649.4166259765625,1261.9888916015625,SM1
843.318359375,28391.705078125,250.15367126464844,2240.509033203125,394.09210205078125,340.0751953125,916.6121826171875,694.0394897460938,81.86376953125,2608.214111328125,294.173583984375,4230.1787109375,483.0882568359375,860.1605224609375,SV1
813.819580078125,486.8350524902344,406.7862854003906,1351.699951171875,671.3093872070312,180.1265869140625,225.15769958496094,351.4943542480469,268.53436279296875,305.5605773925781,334.3226013183594,694.0,1971.4400634765625,827.3372802734375,SB1
1093.922607421875,877.189453125,876.3785400390625,766.5658569335938,964.1902465820312,12534.6689453125,629.7997436523438,768.1119384765625,600.076171875,1802.7890625,1098.450439453125,1083.7950439453125,857.0355224609375,828.9064331054688,SM1
1575.808349609375,684.3975830078125,245.73582458496094,197.40577697753906,71.85783386230469,35.688232421875,168.8964385986328,944.5289916992188,298455.8125,289.10443115234375,5723.54931640625,243.26454162597656,835.7283325195312,945.0548706054688,SM1
1737.8848876953125,1552.4710693359375,160.54014587402344,18026.234375,129.84820556640625,1960.7412109375,89.83358001708984,551.8807373046875,561.6602783203125,437.5506591796875,2136.93359375,179.97714233398438,652.5926513671875,8818.833984375,SB3
4569.484375,1597.6217041015625,1539.8924560546875,3105.990966796875,40630.06640625,1129.6998291015625,1204.397705078125,1130.2537841796875,1112.3399658203125,1287.160400390625,1625.1265869140625,1645.82763671875,2098.538330078125,4915.45068359375,SB2
3304.922119140625,1664.6876220703125,2245.015869140625,928.5353393554688,3438.225830078125,965.6312255859375,1439.1019287109375,2290.190185546875,1106.5926513671875,3008.8955078125,3713.468994140625,986.0215454101562,4207.70849609375,3641.806884765625,SV1
95622.4453125,585.0694580078125,557.06103515625,356.4051818847656,353.4287109375,793.3532104492188,244.76443481445312,340.5279541015625,16263.400390625,484.6601867675781,549.274658203125,950.9260864257812,1226.1337890625,8040.2529296875,SV1
1090.630615234375,443.61517333984375,365.09539794921875,352.6696472167969,184.58583068847656,161.5479278564453,124.90049743652344,179.09226989746094,91.1351547241211,186.7415008544922,282.8821105957031,552.2245483398438,818.456298828125,687.6007690429688,SM1
805.0322875976562,6617.7724609375,177.06591796875,184.0540771484375,140.98455810546875,120.49095153808594,108.0499267578125,157.8922576904297,142.69114685058594,239.06411743164062,248.00401306152344,174.74583435058594,23739.43359375,1227.4854736328125,SB2
950.7276611328125,613.4074096679688,589.4715576171875,514.5238037109375,190.50289916992188,178.1231231689453,1496.5523681640625,2283.08056640625,1428.3387451171875,1418.824462890625,1346.3135986328125,1802.751708984375,1648.6334228515625,2276.96142578125,SM1
649.6987915039062,654.4112548828125,858.2225341796875,608.2485961914062,719.969482421875,614.8406372070312,316.6988830566406,552.3047485351562,637.2876586914062,921.7837524414062,601.5084228515625,783.1026000976562,941.1670532226562,760.8215942382812,SV1
1663.4833984375,1538.5792236328125,560.3883056640625,1198.2181396484375,748.0516357421875,1925.5843505859375,682.3951416015625,538.5116577148438,18259.111328125,880.084228515625,542.1015014648438,876.6942749023438,725.40869140625,3127.718994140625,SM1
319.9244079589844,141.9378204345703,76.27176666259766,926.6996459960938,199.89332580566406,35.090362548828125,50.65618896484375,78.23963165283203,54.64401626586914,130.34564208984375,167.42330932617188,1092.7459716796875,115.86638641357422,275.6930847167969,SM1
1737.457763671875,3691.8173828125,716.2721557617188,82267.1875,9667.306640625,1164.375244140625,1395.67724609375,2377.546630859375,239.54122924804688,1061.4779052734375,2346.384033203125,1568.904052734375,1092.8956298828125,1094.965576171875,SB2
965.4593505859375,461.6309814453125,418.1538391113281,686.6808471679688,209.36680603027344,932.1046142578125,199.3052215576172,284.7239685058594,220.11192321777344,259.8951416015625,309.60992431640625,261.6961975097656,1645.0936279296875,916.4313354492188,SB3
1407.3563232421875,1033.2628173828125,238.6634521484375,267.49456787109375,990.7578735351562,867.5718383789062,152.08045959472656,176.97137451171875,286.6683044433594,2508.240478515625,418.724365234375,630.5560302734375,519.8545532226562,1676.26220703125,SM1
678.9332885742188,338.74566650390625,239.2455596923828,142.01724243164062,74.09002685546875,59.10490036010742,119.37765502929688,1954.5162353515625,113.55985260009766,169.84291076660156,4162.2431640625,15166.998046875,757.8422241210938,1073.7674560546875,SB2
12798.837890625,1699.1158447265625,2076.090576171875,1013.6976928710938,1233.732666015625,5191.021484375,1781.1912841796875,1748.8690185546875,12340.1650390625,4415.56884765625,5074.53515625,40660.9921875,3358.134521484375,5791.10302734375,SB1
312.3541564941406,245.1039276123047,134.6496124267578,220.4261932373047,99.89804077148438,75.46052551269531,231.54669189453125,102.25658416748047,48.35149002075195,114.39436340332031,416.8825378417969,420.87841796875,1048.498046875,590.4100341796875,SV1
288.6026611328125,893.94140625,159.07017517089844,225.7077178955078,467.5207824707031,251.35935974121094,213.01626586914062,149.7920379638672,159.84994506835938,366.0252380371094,191.19813537597656,185.7428741455078,1502.9254150390625,336.7579345703125,SB3
33367.90625,5754.47119140625,3145.991943359375,3138.213134765625,3780.934814453125,2724.94970703125,4355.87939453125,3941.60791015625,27618.984375,1552.8642578125,33239.21484375,91740.71875,22621.232421875,26672.0,SV1
1190.361328125,1184.4473876953125,150.1089324951172,12739.2978515625,159.06431579589844,878.706298828125,80.07494354248047,203.3571319580078,157.46092224121094,267.9390869140625,1380.8179931640625,162.53919982910156,321.3369140625,1168.23388671875,SB2
6441.03125,7117.81982421875,1775.455810546875,7377.064453125,20483.06640625,6895.466796875,3806.97900390625,4884.9619140625,7442.703125,9344.1640625,7144.39990234375,7005.18896484375,7037.5615234375,7831.45458984375,SB2
1293.8050537109375,545.164794921875,423.4819030761719,728.5342407226562,300.6483459472656,317.2459411621094,266.0577697753906,155.06427001953125,147.19631958007812,381.9775085449219,210.7250518798828,258.096923828125,649.2908325195312,661.554443359375,SB1
282.7417297363281,246.84024047851562,628.9210815429688,239.05825805664062,610.4170532226562,145.10552978515625,169.7677001953125,217.09532165527344,191.45172119140625,376.2950744628906,397.23455810546875,188.57717895507812,420.9669494628906,245.4621124267578,SM1
390.4084777832031,2843.681396484375,525.1311645507812,2812.841552734375,299904.90625,881.5567016601562,532.548095703125,451.7657470703125,485.5539855957031,157.28573608398438,201.89085388183594,276.85308837890625,640.2052001953125,383.9586181640625,SB1
480.0816955566406,313.54144287109375,194.27320861816406,122.38690185546875,159.84288024902344,68.11155700683594,105.63436126708984,233.69227600097656,92.12738037109375,144.3935546875,4282.4599609375,33599.5078125,536.2258911132812,896.30859375,SB1
1363.4691162109375,2226.229248046875,192.5093536376953,190.5141143798828,120.52816009521484,113.02310180664062,90.71446228027344,100.86631774902344,89.64651489257812,162.91952514648438,263.7294921875,215.99618530273438,964.785888671875,1266.7659912109375,SM1
955.4207763671875,483.2065734863281,269.30682373046875,1126.162841796875,181.59783935546875,141.5833282470703,223.88812255859375,477.55047607421875,152.69178771972656,517.6240234375,426.84710693359375,226.39234924316406,987.0115966796875,1736.93017578125,SV1
5282.8447265625,2187.1943359375,455.18463134765625,735.352294921875,234.7617645263672,84.74504852294922,93.73726654052734,159.23135375976562,182.84251403808594,166.05335998535156,466.4957580566406,1678.4981689453125,1016.0388793945312,10298.345703125,SM1
316.5026550292969,188.40773010253906,269.4538879394531,178.49032592773438,61.68558883666992,47.17645263671875,195.63758850097656,332.49334716796875,35.75125503540039,129.10914611816406,795.224853515625,158.82437133789062,245.4290008544922,367.8359680175781,SB1
520.1155395507812,186.97265625,502.73150634765625,411.2234191894531,94.46687316894531,41.22272491455078,123.84444427490234,101.12249755859375,80.2521743774414,159.62852478027344,45725.4765625,353.6241760253906,685.9080200195312,647.1070556640625,SM1
729.4569702148438,652.0147094726562,133.00953674316406,134.4445343017578,114.14995574951172,348.7082824707031,98.52999114990234,91.64476013183594,91.16023254394531,1483.7669677734375,451.93756103515625,237.3525390625,284.6429443359375,439.4498291015625,SB1
14780.212890625,14999.130859375,15031.912109375,15226.708984375,16568.921875,10587.515625,12965.5625,8502.583984375,8438.8544921875,18043.474609375,15314.01171875,14878.216796875,15089.025390625,15389.64453125,SB2
282.8714599609375,3736.8154296875,127.3956527709961,81.73768615722656,164.9973602294922,91.16407012939453,102.56089782714844,145.75379943847656,164.75946044921875,229.74827575683594,133.59642028808594,132.85592651367188,348.46435546875,261.43707275390625,SB3
211.06588745117188,1325.3486328125,166.19070434570312,168.21778869628906,222.44874572753906,105.68586730957031,127.18424987792969,109.13162994384766,135.19374084472656,261.2502746582031,280.9530334472656,185.64332580566406,1967.85400390625,259.4168395996094,SM1
1345.7109375,830.7564086914062,262.8483581542969,371.8066101074219,493.03118896484375,1045.5511474609375,259.97515869140625,299.3146667480469,569.972900390625,932.500732421875,382.5006103515625,421.2281494140625,1223.4415283203125,916.11083984375,SV1
660.1382446289062,486.28314208984375,124.90103149414062,179.1549835205078,105.45232391357422,671.3153686523438,80.35762023925781,234.8973388671875,66.94989013671875,210.94126892089844,305.0975341796875,197.38671875,1835.2103271484375,824.9324951171875,SB3
646.5491333007812,3185.55908203125,228.05783081054688,6513.7236328125,3527.04052734375,287.3275451660156,339.5709228515625,403.64520263671875,73.26261901855469,285.6377868652344,510.42437744140625,410.6463928222656,598.6176147460938,508.1457214355469,SB3
3772.24462890625,3643.646484375,1759.388427734375,3076.6552734375,51696.921875,1841.2261962890625,1558.4052734375,1824.727294921875,1726.6385498046875,1895.269287109375,1909.552001953125,2052.176025390625,2996.740966796875,2827.763427734375,SV1
635.858642578125,393.3236083984375,365.320068359375,842.8010864257812,316.8625183105469,383.8330383300781,281.52520751953125,2321.701416015625,323.4396667480469,352.1352844238281,354.7128601074219,538.505126953125,1057.888427734375,522.349853515625,SB1
160.54893493652344,134.63206481933594,332.3027648925781,173.7965545654297,220.97459411621094,88.86042022705078,86.2329330444336,119.89564514160156,215.90853881835938,163.72389221191406,135.44789123535156,110.75259399414062,145.83030700683594,150.65603637695312,SB1
855.7908325195312,466.2545471191406,458.58135986328125,3171.060302734375,268.6650390625,202.35707092285156,294.3565368652344,1052.5028076171875,298.7265930175781,535.58251953125,462.6976013183594,395.72528076171875,862.3221435546875,1079.4071044921875,SB2
19166.08203125,18106.90625,18121.310546875,18395.787109375,19696.283203125,13091.9599609375,16437.5390625,11478.875,11023.1162109375,21126.650390625,17513.859375,17542.455078125,18742.21875,18645.58203125,SB3
1895.3377685546875,748.2669677734375,383.4844055175781,258.67779541015625,166.63475036621094,777.6139526367188,139.2427215576172,4861.16455078125,36503.75390625,1877.3641357421875,1975.9222412109375,725.04443359375,896.7730102539062,1983.0430908203125,SB1
12782.4599609375,17926.3359375,12681.45703125,13886.958984375,23125.328125,13086.955078125,11931.6123046875,10303.6025390625,12838.126953125,16483.9140625,10511.177734375,13514.2880859375,8008.20556640625,12988.12109375,SB1
56115.0703125,56104.046875,66364.6015625,58558.609375,57809.03125,43231.5,53042.17578125,44758.76171875,50373.0625,64629.5234375,63260.671875,71968.8671875,58003.640625,57086.671875,SV1
1621.111328125,2623.07421875,246.7007598876953,39498.18359375,836.7066650390625,176.32823181152344,194.9498291015625,209.6269989013672,191.8424530029297,276.44085693359375,418.2471618652344,312.7960510253906,936.0029907226562,1545.263916015625,SV1
552.0355834960938,266.9195556640625,167.37974548339844,66.25887298583984,223.85165405273438,70.99127960205078,55.80125427246094,121.99402618408203,287.86163330078125,308.5964660644531,122.26073455810547,124.80936431884766,325.00018310546875,399.0429992675781,SM1
1092.088134765625,391.42071533203125,130.51039123535156,80.50850677490234,69.15111541748047,87.365234375,70.00972747802734,149.21514892578125,1294.4588623046875,212.5999298095703,323.0167236328125,885.8276977539062,620.794921875,536.2529296875,SM1
161.2835693359375,612.2972412109375,106.7936019897461,140.27798461914062,96.16604614257812,89.32874298095703,92.6265640258789,279.8363952636719,937.1995849609375,239.4939422607422,224.64239501953125,1056.5250244140625,454.7651062011719,2013.207275390625,SB1
276.64251708984375,199.15106201171875,148.7489013671875,190.779541015625,1056.0355224609375,155.4935760498047,69.711181640625,98.09902954101562,219.50430297851562,571.0440673828125,212.4711456298828,221.44161987304688,416.6575622558594,372.09228515625,SB1
7358.31005859375,316.5687561035156,94.99104309082031,3961.22216796875,491.3121337890625,67.15641021728516,63.512977600097656,128.40719604492188,79.50679779052734,4204.30712890625,90385.609375,992.3366088867188,158.04977416992188,598.2274780273438,SB1
505.2082824707031,713.482666015625,336.29522705078125,2828.637451171875,365.9754638671875,279.78363037109375,548.75634765625,685.98583984375,229.4481964111328,47301.47265625,839.7687377929688,596.0833129882812,884.9467163085938,5508.11279296875,SB2
641.0239868164062,4847.30810546875,617.3565673828125,1273.1759033203125,207.03152465820312,188.9262237548828,249.467529296875,326.7338562011719,257.9329528808594,340.93975830078125,396.5189208984375,385.56243896484375,1908.0694580078125,764.1304931640625,SB2
318.3603515625,214.28546142578125,313.4484558105469,95.26560974121094,102.79583740234375,89.5765151977539,132.68612670898438,211.33799743652344,3562.404541015625,167.02993774414062,1325.9095458984375,157.98561096191406,237.6034698486328,2185.417236328125,SB2
373.0469970703125,1152.30029296875,119.51515197753906,91.89142608642578,109.37505340576172,69.31451416015625,97.56458282470703,397.0216369628906,112.0197982788086,316.58355712890625,151.21792602539062,137.55966186523438,1107.0206298828125,421.135009765625,SB2
567.5684814453125,739.6784057617188,237.7937774658203,1988.4576416015625,780.185791015625,249.41622924804688,475.3731994628906,596.9760131835938,155.04605102539062,3731.73779296875,724.638671875,555.302490234375,1016.4326171875,1675.795166015625,SB1
1525.96533203125,631.9921264648438,375.3819885253906,169.1512908935547,82.38742065429688,41.08842849731445,78.55985260009766,229.41893005371094,103153.46875,293.0830078125,22182.224609375,284.5640563964844,629.5183715820312,961.0269775390625,SB3
41488.9140625,1656.418701171875,645.7351684570312,1367.724365234375,4107.4853515625,1345.35693359375,207.64463806152344,243.5983428955078,308.2679138183594,1142.9732666015625,940.1613159179688,643.137451171875,1190.4969482421875,3761.081298828125,SB3
7876.64111328125,3815.385498046875,210.03648376464844,21100.865234375,320.48455810546875,2479.89697265625,114.60200500488281,1556.939453125,4511.5390625,588.3749389648438,6310.4365234375,333.9788818359375,822.517578125,10002.6640625,SV1
1061.2608642578125,487.20587158203125,198.55078125,308.77734375,91.80475616455078,125.45462799072266,167.40313720703125,162.42364501953125,210.87713623046875,223.29393005371094,14508.05859375,7836.7392578125,2631.1513671875,1374.155517578125,SB3
463.33709716796875,345.2288818359375,114.02820587158203,88.72721862792969,835.3793334960938,116.67084503173828,105.58232116699219,174.8679656982422,5234.83935546875,529.9515991210938,135.96934509277344,148.04965209960938,524.447021484375,466.84234619140625,SV1
1093.6988525390625,394.3908386230469,152.66249084472656,4634.30712890625,91.75748443603516,279.22662353515625,78.02558135986328,830.7088012695312,85.48188781738281,112.73319244384766,167.00686645507812,119.01277923583984,188.24850463867188,434.0535583496094,SB3
3568.98486328125,3701.5947265625,3490.38134765625,6963.3134765625,3546.05517578125,3318.607666015625,3409.412109375,3439.05029296875,3408.3857421875,3613.568603515625,3583.96240234375,4227.52734375,3907.36962890625,7457.67529296875,SB3
40167.3984375,42452.8984375,43214.9140625,43836.85546875,38010.0546875,28735.3203125,37541.671875,24024.294921875,28010.013671875,49426.20703125,41491.921875,41578.59765625,42224.85546875,40016.578125,SB1
1111.6390380859375,1761.8707275390625,161.96005249023438,245.6551971435547,597.23095703125,519.7369995117188,96.76347351074219,98.96653747558594,108.46977996826172,507.2229309082031,375.8854675292969,299.87860107421875,168.96624755859375,594.9114990234375,SB2
137.00152587890625,193.87225341796875,136.5064239501953,222.30738830566406,270.4657287597656,124.9267349243164,89.21944427490234,107.76715087890625,127.45526885986328,2132.08056640625,140.2703094482422,180.8461151123047,323.5228271484375,234.17674255371094,SB2
11124.89453125,24384.908203125,4154.20947265625,5618.41015625,9263.6806640625,3999.436279296875,5998.48779296875,4024.20849609375,4398.716796875,7412.64892578125,5962.525390625,5505.150390625,15187.1533203125,6073.38330078125,SB2
1013.240478515625,2716.301513671875,370.00872802734375,16728.416015625,3682.787841796875,413.0396728515625,486.3768615722656,669.2752075195312,85.82920837402344,404.9651794433594,1050.088623046875,712.8604736328125,798.3306274414062,566.5253295898438,SM1
641.3397216796875,601.0829467773438,133.27984619140625,5260.43896484375,125.12499237060547,523.9352416992188,75.53162384033203,151.6427001953125,118.61003112792969,230.80335998535156,305.8028259277344,150.7828826904297,219.58177185058594,967.4014892578125,SB1
574.563232421875,1090.6356201171875,245.35365295410156,2725.96240234375,472.1885681152344,264.55889892578125,609.3538208007812,662.84423828125,160.64874267578125,658.2300415039062,832.79638671875,1920.16064453125,1248.6080322265625,1755.3118896484375,SM1
1309.747802734375,206.0853729248047,81.4442138671875,251.21864318847656,152.16978454589844,49.35679626464844,63.76677703857422,104.9141845703125,72.62684631347656,492.53826904296875,488.40234375,367.9242248535156,146.318359375,5413.439453125,SB2
29544.2890625,29138.33203125,29174.77734375,28855.21484375,28139.515625,18576.74609375,23722.734375,14637.591796875,17833.09765625,32657.10546875,27098.140625,27791.13671875,28571.25390625,29885.876953125,SM1
87347.9921875,83986.703125,74413.2578125,82888.9921875,71612.28125,46078.22265625,82132.84375,74084.609375,80086.390625,84918.1171875,79181.1484375,79650.3515625,84454.125,81329.5390625,SB2
9407.83203125,2488.340576171875,234.35891723632812,6446.71826171875,235.96173095703125,218.12986755371094,249.1999053955078,383.1822204589844,547.7647705078125,466.45184326171875,2435.18505859375,299.8709411621094,9492.685546875,5705.384765625,SB1
855.2683715820312,410.06829833984375,240.67196655273438,173.19972229003906,333.283935546875,277.365478515625,103.8193359375,611.7659912109375,9600.140625,227.26364135742188,6878.6162109375,54543.87890625,2782.349609375,5480.85302734375,SB3
1118.390625,1177.325439453125,164.84814453125,1441.6173095703125,157.78750610351562,148.45350646972656,114.92247772216797,239.2604217529297,102.94456481933594,372.4619140625,775.6947631835938,295.9479675292969,2406.125,1901.8944091796875,SB2
195.4510498046875,618.816650390625,99.98786926269531,187.5557861328125,107.06175231933594,46.93483352661133,100.3322525024414,69.45938110351562,136.56716918945312,174.67225646972656,125.26913452148438,914.1920776367188,212.89320373535156,341.4363708496094,SB2
221.94818115234375,26402.1796875,80.4513931274414,495.1475524902344,133.47097778320312,43.39216613769531,81.79487609863281,90.04508972167969,149.38430786132812,110.58149719238281,78.21631622314453,813.9464721679688,146.3212432861328,245.63780212402344,SB1
864.0125732421875,617.8052368164062,58948.3828125,30863.4375,492.04193115234375,211.67066955566406,399.0615234375,519.9922485351562,300.4825439453125,627.9365844726562,487.84271240234375,581.4150390625,885.67724609375,964.6437377929688,SV1
531.750732421875,2654.2216796875,124.42646789550781,1234.447998046875,654.6587524414062,114.60807037353516,84.17887878417969,164.1690216064453,549.0482177734375,369.2998046875,402.3062438964844,584.99169921875,1794.6793212890625,595.282470703125,SM1
247.03173828125,183.9344940185547,136.08876037597656,272.4812927246094,206.8623809814453,101.10453033447266,118.01599884033203,159.6972198486328,110.59553527832031,385.1719055175781,177.32467651367188,153.50100708007812,347.3875732421875,273.95513916015625,SB2
195.79876708984375,997.0333251953125,77.72554016113281,170.73361206054688,89.12525939941406,43.17022705078125,84.68327331542969,68.45145416259766,120.30533599853516,129.9795684814453,110.4559555053711,1053.2412109375,248.32089233398438,304.73443603515625,SB3
735.59130859375,780.5507202148438,2484.3388671875,5866.64013671875,6600.32763671875,338.29583740234375,417.4944152832031,473.0220031738281,411.6340637207031,563.530517578125,575.4564819335938,415.2022705078125,2496.677001953125,1256.349365234375,SM1
10645.46875,12421.8056640625,10032.154296875,11657.6494140625,12225.8056640625,11539.1318359375,10224.107421875,8865.90625,11579.3095703125,12892.0849609375,8483.4638671875,11634.9775390625,7149.775390625,11341.642578125,SB2
16525.123046875,2994.189208984375,477.0473327636719,1257.7239990234375,319.4262390136719,104.75849914550781,110.77947235107422,178.9124298095703,183.294921875,187.40805053710938,286.8756103515625,492.6429138183594,820.2657470703125,3628.584228515625,SB1
15868.318359375,20582.572265625,13092.453125,11437.0244140625,22649.0234375,8033.75537109375,13295.0166015625,11418.119140625,13783.0322265625,19094.578125,14236.89453125,10590.37890625,42572.9140625,19530.599609375,SB3
350.5820007324219,708.552734375,180.7069854736328,233.08804321289062,209.6571807861328,68.35276794433594,223.1504669189453,1777.803955078125,130.1273193359375,225.34532165527344,126.1758041381836,450.63067626953125,313.2176513671875,518.8322143554688,SV1
47755.03515625,47859.171875,48971.25390625,47958.15234375,50369.79296875,33318.60546875,42209.0,29445.400390625,35310.59765625,54790.98828125,46626.38671875,46538.98828125,47327.1953125,47333.6796875,SV1
1506.8682861328125,13851.712890625,284.29376220703125,316.71368408203125,217.18069458007812,137.5449676513672,699.965087890625,886.6159057617188,179.31529235839844,196.178955078125,355.0466613769531,255.4239044189453,701.2776489257812,1301.0625,SB1
52964.64453125,44999.96875,46281.53515625,47843.5,44130.2421875,51734.83984375,45643.73828125,52781.015625,56294.94921875,48451.49609375,51421.4296875,42618.91015625,46296.56640625,45956.484375,SM1
15717.794921875,2160.9619140625,160.5117645263672,966.5738525390625,145.1305694580078,67.85543823242188,318.63128662109375,702.3846435546875,187.4439697265625,167.14242553710938,1381.6734619140625,135.85411071777344,6434.1005859375,639.3432006835938,SV1
11198.8173828125,1332.6051025390625,93.12683868408203,300.6933898925781,337.44024658203125,37.54838562011719,72.51044464111328,10890.2978515625,67.55953216552734,796.0418090820312,261.2003479003906,178.8730010986328,236.47650146484375,3860.26220703125,SB3
5636.7099609375,13088.390625,2352.311767578125,1889.8455810546875,4743.7109375,1210.9302978515625,2814.404052734375,1415.580322265625,1422.728515625,3257.45654296875,2701.106689453125,1736.239990234375,10063.4091796875,4808.65625,SB1
4365.17919921875,2445.77880859375,3460.885986328125,3213.978759765625,5047.38720703125,666.3265380859375,2147.803955078125,1496.5115966796875,4071.461181640625,3824.958984375,3689.935546875,1823.0643310546875,3400.766357421875,3483.154296875,SM1
1749.5333251953125,212.33877563476562,219.38763427734375,203.11569213867188,267.47265625,266.4781188964844,136.66064453125,96.75191497802734,130.65269470214844,234.578125,175.76675415039062,232.45123291015625,2212.256103515625,407.65606689453125,SM1
1366.6385498046875,759.5443115234375,205.87303161621094,10714.603515625,369.6370849609375,916.3938598632812,119.83141326904297,148.74143981933594,126.54325103759766,274.7879943847656,1101.376708984375,198.45928955078125,558.54248046875,1593.5487060546875,SM1
919.09619140625,9137.2939453125,290.2629089355469,299.05145263671875,431.3915710449219,212.6817169189453,485.33740234375,267.8946838378906,217.52679443359375,552.9498901367188,353.9830017089844,304.7525329589844,543.2671508789062,986.63720703125,SB3
401.88751220703125,1545.5325927734375,157.77989196777344,632.2904052734375,282.9533996582031,97.78204345703125,70.59014892578125,254.20230102539062,88737.7890625,446.5572204589844,457.3217468261719,616.2255249023438,504.2480163574219,60951.98046875,SV1
444.30535888671875,208.16481018066406,225.1576385498047,80.45673370361328,277.67413330078125,62.1093635559082,60.825355529785156,116.7457046508789,185.37109375,191.96270751953125,131.53123474121094,118.61813354492188,509.7416687011719,389.8336486816406,SB1
325.9952392578125,294.7580261230469,470.38323974609375,926.83447265625,295.1673583984375,184.13197326660156,189.94943237304688,252.05126953125,209.05235290527344,4794.61279296875,307.9066162109375,259.2658996582031,437.4317626953125,384.6716613769531,SB1
828.1080932617188,5933.9521484375,479.9180603027344,859.4042358398438,441.0462951660156,826.192626953125,171.6614532470703,878.8184814453125,9022.58203125,915.01025390625,5458.73779296875,38724.609375,7687.0185546875,4491.86181640625,SB2
1236.4388427734375,437.9623107910156,320.7939147949219,616.9277954101562,236.3557586669922,153.02479553222656,188.79844665527344,8739.427734375,129.58285522460938,241.90036010742188,220.6723175048828,184.9903564453125,337.3067626953125,592.11376953125,SB2
42370.28515625,52859.8359375,41485.1796875,47992.1640625,48189.546875,40729.26953125,40286.859375,37184.4765625,39877.17578125,50637.16796875,35694.75390625,44864.30859375,29146.54296875,46511.7109375,SB3
719.4760131835938,399.09735107421875,212.2680206298828,411.4775085449219,137.94699096679688,320.55010986328125,112.60305786132812,206.2792510986328,83.25093841552734,190.19187927246094,180.3321533203125,142.38597106933594,466.622314453125,553.0797119140625,SB3
437.5570983886719,4389.806640625,208.40003967285156,226.77603149414062,102.01243591308594,92.68900299072266,92.20491027832031,101.02144622802734,49.46398162841797,114.92987823486328,287.0445251464844,631.1696166992188,1523.011474609375,1283.222412109375,SB3
672.7366943359375,661.7822875976562,170.11724853515625,347.94708251953125,220.466552734375,67.64743041992188,211.70333862304688,298.0822448730469,676.2692260742188,358.5584716796875,456.6180725097656,568.0443725585938,953.2943725585938,869.6968994140625,SV1
1266.4779052734375,822.783447265625,374.25616455078125,6259.3349609375,374.23291015625,238.84149169921875,213.81759643554688,804.6647338867188,1239.5272216796875,725.171630859375,681.9629516601562,482.3411560058594,1166.6817626953125,1502.408203125,SM1
5312.09228515625,959.1604614257812,626.9117431640625,1665.7342529296875,1126.8857421875,132.33030700683594,139.0269775390625,211.99533081054688,225.60519409179688,355.9442138671875,432.21136474609375,841.7839965820312,2404.15625,9319.0771484375,SV1
119236.0,136356.875,96275.6875,129186.7578125,130323.3828125,101203.34375,100060.3359375,97832.8203125,127807.015625,132809.625,97969.3046875,105545.828125,76235.8984375,109632.125,SV1
9452.4287109375,3946.310546875,378.8980407714844,935.1101684570312,870.42431640625,380.0395812988281,194.6506805419922,272.18902587890625,263.4416809082031,538.9945068359375,2253.822265625,276.0494079589844,1099.937255859375,1456.449951171875,SV1
1546.3218994140625,509.9759521484375,390.19970703125,310.1929931640625,282.7804260253906,135.63328552246094,322.2206726074219,284.0809020996094,305.9784851074219,551.0578002929688,230.46633911132812,386.2353820800781,487.2856140136719,1435.5595703125,SB1
1239.5184326171875,626.8551025390625,633.4669799804688,1005.8139038085938,877.8779907226562,167.0279998779297,1047.2496337890625,2680.62939453125,1337.5953369140625,1084.0736083984375,1178.0111083984375,1162.3463134765625,1094.115966796875,901.4053955078125,SB1
399.7846374511719,352.0716552734375,235.72669982910156,256.0966796875,127.2055892944336,153.03890991210938,124.2961196899414,468.7122497558594,77.35942077636719,169.2098388671875,211.2681121826172,567.8990478515625,11477.0947265625,823.4611206054688,SB1
